-0.8621 -0.1737 0.4761 
-0.2435 0.5139 0.8226 
-0.0327 0.4561 0.8893 
-0.3633 0.4638 0.8080 
-0.1812 0.3348 0.9247 
0.0064 0.5175 0.8557 
0.0014 0.5250 0.8511 
-0.5291 0.4885 0.6938 
-0.1284 0.4794 0.8682 
-0.8371 0.1315 0.5310 
-0.7663 0.5552 0.3233 
-0.3572 0.4254 0.8315 
-0.0248 0.4630 0.8860 
-0.9351 -0.2628 -0.2376 
-0.1409 0.5708 0.8089 
0.0204 0.4345 0.9004 
-0.3156 0.4698 0.8244 
0.0655 0.4934 0.8674 
-0.0268 0.3751 0.9266 
-0.2571 0.3895 0.8844 
-0.2978 0.2904 0.9094 
-0.3300 0.4794 0.8132 
-0.0667 0.4063 0.9113 
-0.1651 -0.2822 -0.9450 
-0.8031 0.2534 0.5393 
-0.2957 0.4921 0.8188 
-0.2281 0.4705 0.8524 
-0.4182 0.3692 0.8299 
-0.1379 0.4780 0.8675 
-0.1700 0.4504 0.8765 
-0.0458 0.6070 0.7934 
-0.2742 0.4946 0.8248 
-0.1869 0.3959 0.8991 
-0.8823 0.3106 -0.3536 
-0.1460 0.5733 0.8062 
-0.1730 0.4719 0.8645 
-0.2004 -0.4560 -0.8671 
-0.1704 0.4542 0.8745 
-0.3191 0.5290 0.7863 
-0.0433 0.3768 0.9253 
-0.4531 0.4425 0.7739 
-0.1757 0.4548 0.8731 
-0.0228 0.3979 0.9172 
-0.3952 0.4158 0.8191 
-0.6898 -0.3579 -0.6293 
0.0104 0.5008 0.8655 
-0.0315 0.4686 0.8829 
-0.4255 0.4205 0.8013 
-0.1094 0.3829 0.9173 
-0.0911 0.3347 0.9379 
-0.3880 -0.4052 -0.8278 
-0.1730 0.4218 0.8900 
-0.0922 0.4304 0.8979 
-0.1957 -0.4836 -0.8531 
-0.6588 0.3339 0.6742 
-0.3227 0.5138 0.7949 
-0.4480 0.3052 0.8403 
-0.1575 0.3637 0.9181 
-0.9888 -0.0111 0.1486 
-0.3857 0.3995 0.8317 
-0.3008 -0.4768 -0.8259 
0.0717 0.4115 0.9086 
-0.5883 -0.5572 -0.5860 
-0.8014 0.0280 -0.5975 
-0.4283 -0.3618 -0.8280 
-0.5728 0.4664 0.6740 
-0.0312 0.4231 0.9055 
-0.0990 -0.4289 -0.8979 
-0.3631 0.4728 0.8029 
-0.9691 -0.0792 -0.2334 
-0.6475 -0.4031 -0.6467 
-0.9103 0.3251 0.2564 
-0.1415 0.3274 0.9342 
-0.0115 0.3846 0.9230 
-0.1612 0.5137 0.8427 
0.1271 0.5101 0.8507 
-0.3365 -0.0742 -0.9388 
-0.1567 -0.4491 -0.8796 
-0.2477 0.4405 0.8629 
-0.0597 0.4259 0.9028 
-0.1365 0.3858 0.9124 
-0.6189 -0.3352 -0.7104 
-0.3746 0.5342 0.7578 
-0.4277 0.3258 -0.8432 
-0.1447 0.4467 0.8829 
-0.7024 0.2929 0.6487 
-0.1990 0.4033 0.8932 
-0.5116 0.3956 0.7628 
-0.2373 0.5903 0.7715 
-0.6854 -0.3486 -0.6393 
-0.8001 0.0093 -0.5998 
-0.2128 0.4824 0.8497 
-0.6969 0.2791 0.6606 
-0.2971 -0.4046 -0.8649 
-0.0698 0.4567 0.8869 
-0.2680 0.4329 0.8607 
-0.1845 0.4782 0.8586 
-0.7917 0.2918 0.5366 
0.0485 0.4841 0.8737 
-0.2702 0.5198 0.8105 
-0.3631 -0.3812 -0.8502 
-0.1550 0.4078 0.8998 
-0.0209 0.4084 0.9125 
-0.3436 -0.2780 -0.8970 
-0.4621 0.2169 0.8599 
-0.4359 0.4017 0.8054 
-0.1120 0.4478 0.8871 
-0.1004 0.4064 0.9082 
-0.9748 0.1378 -0.1756 
-0.2767 0.4274 0.8607 
-0.7359 0.2272 0.6378 
-0.1414 0.3757 0.9159 
-0.3582 0.3603 0.8613 
-0.0782 0.5297 0.8446 
-0.5240 -0.4815 -0.7025 
-0.1898 0.4871 0.8525 
-0.6349 0.2401 0.7343 
-0.1825 0.4592 0.8694 
-0.1631 0.4342 0.8859 
-0.4098 0.4734 0.7797 
-0.2732 0.4202 0.8653 
-0.0544 0.5756 0.8159 
-0.3853 0.2610 0.8851 
-0.5786 0.1606 0.7997 
-0.5841 -0.3728 -0.7209 
-0.4146 -0.3526 -0.8389 
-0.9539 0.2692 0.1330 
-0.3481 0.5038 0.7906 
-0.1622 0.4508 0.8778 
-0.2797 0.4687 0.8379 
-0.2489 0.3752 0.8929 
-0.1814 0.5370 0.8239 
-0.9764 0.1164 0.1818 
0.0788 0.4597 0.8846 
-0.8546 0.1229 0.5045 
-0.1688 0.3324 0.9279 
-0.3698 0.5644 0.7381 
-0.1838 0.4515 0.8732 
-0.9646 -0.1932 0.1794 
-0.0870 0.4595 0.8839 
-0.2379 -0.2597 -0.9359 
-0.1840 0.3805 0.9063 
-0.2384 0.4270 0.8722 
-0.0271 0.4021 0.9152 
-0.4500 -0.4611 -0.7648 
-0.3153 -0.4423 -0.8396 
-0.2855 0.3674 0.8852 
-0.3325 0.4638 0.8212 
-0.0825 0.3175 0.9447 
-0.1802 0.4662 0.8661 
-0.6860 -0.2428 -0.6860 
-0.1134 0.5414 0.8331 
-0.9507 0.0280 0.3089 
-0.1305 0.4177 0.8992 
-0.9109 0.4063 0.0716 
-0.2699 0.5422 0.7957 
-0.0251 0.3880 0.9213 
-0.4451 0.5060 0.7388 
-0.2667 0.4348 0.8601 
-0.6476 -0.3591 -0.6721 
-0.0737 0.4243 0.9025 
-0.1327 0.5119 0.8487 
-0.7778 0.3508 0.5216 
-0.1052 0.3859 0.9165 
-0.1362 0.5614 0.8163 
0.0322 0.5741 0.8181 
-0.1773 0.3632 0.9147 
-0.9227 0.3474 0.1673 
-0.0111 0.4275 0.9039 
-0.3748 -0.4234 -0.8248 
-0.4641 -0.4408 -0.7683 
-0.2065 0.4962 0.8433 
-0.4630 0.3870 0.7974 
-0.8193 -0.4303 -0.3789 
-0.0413 0.3984 0.9163 
-0.6639 -0.2393 -0.7085 
-0.4086 0.4634 0.7863 
-0.1443 0.5383 0.8303 
-0.1629 0.3941 0.9045 
0.0825 0.5095 0.8565 
-0.1806 0.4936 0.8507 
-0.6039 -0.3136 -0.7328 
-0.4075 -0.5559 -0.7245 
-0.2101 0.4279 0.8791 
-0.1369 0.4021 0.9053 
-0.6882 -0.2807 -0.6690 
-0.4195 0.2851 0.8618 
-0.1710 0.3223 0.9311 
-0.5195 0.5714 0.6353 
-0.1292 0.4748 0.8706 
-0.1927 0.3682 0.9096 
-0.5476 0.3780 0.7465 
-0.4229 0.2983 0.8557 
-0.0888 0.4670 0.8798 
-0.3802 0.4158 0.8262 
-0.9590 0.0914 0.2681 
-0.3915 0.4711 0.7905 
-0.0299 0.4880 0.8724 
-0.0397 -0.4129 -0.9099 
-0.2059 0.5229 0.8271 
-0.0234 0.4210 0.9068 
-0.0749 0.5017 0.8618 
-0.2698 0.4274 0.8629 
-0.4423 0.5734 0.6896 
-0.1117 0.3995 0.9099 
-0.1451 0.4802 0.8651 
-0.9956 -0.0593 0.0725 
-0.6794 0.4625 0.5697 
-0.5177 -0.4821 -0.7068 
-0.1263 0.4432 0.8875 
-0.3291 -0.4073 -0.8520 
-0.0359 0.4942 0.8686 
-0.0230 0.4289 0.9030 
-0.2236 0.4434 0.8680 
-0.5995 0.1820 0.7794 
-0.1944 -0.0654 -0.9787 
-0.2599 0.4659 0.8458 
-0.0288 0.4958 0.8679 
-0.0878 0.4348 0.8962 
-0.3345 0.5983 0.7281 
-0.1323 0.4243 0.8958 
-0.1085 0.3440 0.9327 
-0.5936 0.4398 0.6739 
-0.3594 0.4598 0.8120 
-0.1634 0.5265 0.8344 
-0.1821 0.4079 0.8947 
-0.2032 0.4141 0.8873 
-0.4728 0.3088 0.8253 
-0.8096 0.3149 0.4954 
-0.0467 0.4646 0.8843 
-0.1840 0.4699 0.8633 
-0.1293 0.4794 0.8680 
-0.2683 0.3502 0.8974 
-0.1148 0.4144 0.9028 
-0.0306 0.3576 0.9334 
-0.3279 0.4099 0.8511 
-0.0904 0.5017 0.8603 
-0.2150 0.4557 0.8638 
-0.2393 0.4925 0.8367 
-0.5736 0.3696 0.7310 
-0.1849 0.4945 0.8493 
-0.3293 -0.5712 -0.7518 
-0.5877 0.3040 0.7498 
-0.2505 0.5067 0.8249 
-0.3188 0.3832 0.8669 
-0.5856 0.3600 0.7262 
-0.7277 0.1915 0.6586 
-0.5963 0.5268 0.6057 
-0.8160 0.0629 0.5746 
-0.6505 0.5756 0.4955 
-0.4048 0.5093 0.7594 
-0.5895 -0.5534 -0.5884 
-0.4645 0.2998 0.8333 
-0.4543 0.6559 0.6028 
-0.9444 0.1702 0.2815 
-0.4582 0.3660 0.8100 
-0.3460 0.3773 0.8590 
-0.0866 0.4787 0.8737 
-0.1468 0.3914 0.9084 
-0.0704 0.4876 0.8702 
-0.4522 0.4322 0.7802 
-0.9764 -0.2071 0.0618 
-0.1215 0.3302 0.9361 
-0.8430 -0.4576 -0.2829 
-0.3843 0.2486 0.8891 
-0.2073 -0.4120 -0.8873 
-0.1572 0.3346 0.9291 
-0.4542 0.4883 0.7452 
-0.5106 -0.3911 -0.7657 
-0.7839 -0.2879 -0.5501 
-0.3249 0.4119 0.8513 
-0.3863 0.4162 0.8231 
-0.1721 -0.3701 -0.9129 
-0.3618 0.3950 0.8444 
-0.2079 0.4376 0.8748 
-0.3607 -0.4535 -0.8150 
-0.0353 0.4041 0.9140 
-0.0064 0.5032 0.8641 
-0.9746 -0.0724 0.2119 
-0.4390 0.6824 0.5845 
-0.0281 0.4254 0.9046 
-0.2342 0.5560 0.7975 
-0.1299 0.4174 0.8994 
-0.9194 -0.3879 -0.0645 
-0.0992 0.4849 0.8689 
-0.0916 0.4055 0.9095 
-0.3864 0.4015 0.8304 
-0.5173 -0.2151 -0.8284 
-0.7019 -0.3138 -0.6394 
-0.2609 0.3625 0.8947 
-0.2588 -0.4838 -0.8360 
-0.3238 0.5177 0.7919 
-0.0861 0.4530 0.8874 
-0.0750 0.4277 0.9008 
-0.9689 0.1658 0.1839 
-0.4849 0.4688 0.7383 
-0.7000 -0.2349 -0.6744 
-0.5732 0.2909 0.7660 
-0.0329 0.6965 0.7168 
-0.2199 0.4260 0.8776 
-0.2897 0.4929 0.8204 
-0.0604 0.4610 0.8853 
-0.1310 0.4780 0.8685 
-0.6367 0.1752 0.7509 
-0.1257 0.4884 0.8635 
-0.4215 0.3312 0.8442 
-0.2403 0.5829 0.7762 
-0.8793 0.1108 0.4632 
-0.6247 0.4368 0.6473 
-0.6424 0.1991 0.7401 
-0.6443 0.7043 0.2981 
-0.1306 0.4213 0.8975 
-0.0902 0.3836 0.9191 
-0.6946 -0.1584 -0.7017 
-0.2709 0.3358 0.9021 
-0.1212 0.5485 0.8273 
-0.2910 0.3905 0.8734 
-0.9786 0.1120 0.1727 
-0.2392 0.3884 0.8899 
-0.6015 -0.2633 -0.7542 
-0.2473 0.4067 0.8794 
-0.0837 0.5079 0.8573 
-0.4907 0.4085 0.7696 
-0.2213 0.3903 0.8937 
-0.0642 0.3987 0.9148 
-0.0085 0.4991 0.8665 
-0.3300 0.2728 0.9037 
0.0204 0.5897 0.8074 
-0.7808 -0.0400 -0.6235 
-0.0149 0.4478 0.8940 
0.1465 0.5251 0.8384 
-0.3627 0.4858 0.7953 
-0.4091 0.4234 0.8083 
-0.1531 0.4689 0.8699 
-0.1479 0.3887 0.9094 
-0.9690 -0.2375 -0.0675 
-0.2575 0.4224 0.8690 
-0.0073 0.5055 0.8628 
-0.5141 0.3241 0.7942 
-0.6307 0.0718 0.7727 
-0.5521 -0.4171 -0.7219 
-0.6221 -0.3525 -0.6991 
-0.7708 0.1923 0.6074 
-0.1380 0.4911 0.8601 
-0.5043 0.4298 0.7490 
0.0555 0.5567 0.8289 
-0.3382 0.5275 0.7793 
-0.0109 0.4046 0.9144 
-0.2845 0.3957 0.8732 
-0.0063 0.4910 0.8711 
-0.1913 0.4265 0.8840 
0.0682 0.7382 0.6712 
-0.5935 -0.0372 -0.8040 
-0.8412 0.3735 0.3909 
-0.4617 0.3933 0.7951 
-0.1426 0.4038 0.9037 
-0.2854 0.5413 0.7909 
-0.1427 0.4288 0.8921 
-0.3458 0.3616 0.8658 
0.0582 0.5350 0.8429 
-0.6262 0.3938 0.6729 
-0.5162 -0.3556 -0.7791 
-0.0955 0.5417 0.8351 
-0.2856 0.4766 0.8314 
-0.3488 0.5102 0.7861 
-0.5517 0.5227 0.6500 
0.0986 0.6051 0.7900 
-0.2763 0.4472 0.8507 
-0.2428 0.4676 0.8499 
-0.9283 -0.3672 -0.0582 
-0.2988 0.3465 0.8892 
-0.0528 0.4822 0.8744 
-0.1352 0.4967 0.8573 
-0.3806 -0.4484 -0.8088 
-0.7930 -0.3936 -0.4650 
-0.3232 0.3541 0.8776 
-0.4030 0.3233 0.8562 
-0.1217 0.4156 0.9014 
-0.0727 -0.4546 -0.8877 
-0.2025 0.4477 0.8709 
-0.2793 0.4422 0.8523 
-0.3013 0.5023 0.8105 
-0.4728 0.2769 0.8365 
-0.7115 -0.2131 -0.6696 
-0.3717 0.4060 0.8349 
-0.3142 0.3161 0.8952 
-0.3713 0.4517 0.8112 
-0.2536 0.4499 0.8563 
-0.3505 0.3515 0.8681 
-0.0437 0.4253 0.9040 
-0.1144 0.3058 0.9452 
-0.3234 0.5542 0.7670 
-0.1083 0.4297 0.8965 
-0.2547 0.3864 0.8865 
-0.2251 0.5047 0.8334 
-0.0940 0.4894 0.8670 
-0.1538 0.3953 0.9056 
-0.1524 0.5033 0.8506 
-0.0624 0.5585 0.8272 
-0.3055 -0.2318 -0.9235 
-0.1400 0.4257 0.8939 
-0.8582 0.2077 0.4694 
-0.2133 0.3946 0.8938 
-0.2151 0.5212 0.8259 
-0.0590 0.4891 0.8702 
-0.2506 0.3387 0.9069 
-0.3563 0.5709 0.7397 
-0.6934 -0.2012 -0.6919 
-0.9624 -0.1462 0.2291 
-0.8484 -0.4623 -0.2578 
-0.5558 -0.2374 -0.7967 
-0.3376 0.4992 0.7980 
-0.0834 0.4205 0.9034 
-0.1616 0.5084 0.8459 
-0.1070 0.5845 0.8043 
-0.3658 0.3824 0.8485 
-0.1114 0.4104 0.9051 
-0.4851 0.4271 0.7631 
-0.1514 0.4262 0.8919 
-0.0873 0.5437 0.8347 
-0.0863 0.4812 0.8723 
-0.1706 0.3858 0.9067 
-0.5828 0.3560 0.7305 
-0.4239 0.3924 0.8163 
-0.9165 0.3813 -0.1208 
-0.2700 0.4194 0.8667 
-0.4388 -0.5926 -0.6755 
-0.0121 0.5060 0.8625 
-0.2108 0.5201 0.8277 
-0.5398 0.4056 0.7377 
-0.2633 0.3106 0.9133 
-0.3315 0.3990 0.8549 
-0.1352 0.4947 0.8584 
-0.2569 0.4053 0.8774 
-0.1884 0.5509 0.8130 
-0.1633 0.3948 0.9041 
-0.4984 -0.3196 -0.8059 
-0.7093 -0.3505 -0.6117 
-0.1662 0.4438 0.8806 
-0.2271 0.4128 0.8820 
-0.1073 0.4445 0.8893 
-0.0303 0.4619 0.8864 
-0.1049 0.4490 0.8873 
-0.0586 0.4600 0.8860 
-0.6208 0.2799 0.7323 
-0.9265 -0.1937 -0.3228 
-0.3419 0.3178 0.8844 
-0.1764 0.4699 0.8649 
-0.3155 0.3364 0.8873 
-0.5015 0.4343 0.7483 
-0.0837 0.4345 0.8968 
-0.1211 0.4614 0.8789 
-0.4054 0.3813 0.8308 
-0.1367 0.4514 0.8818 
-0.7715 0.2342 0.5916 
-0.1363 0.3947 0.9086 
-0.2259 0.2745 0.9347 
-0.1699 0.4378 0.8829 
-0.2116 0.4078 0.8882 
-0.2719 -0.4783 -0.8350 
-0.0048 0.3957 0.9184 
-0.0425 0.5153 0.8560 
-0.2427 0.4429 0.8631 
-0.4797 -0.2756 -0.8330 
-0.3578 0.3368 0.8709 
-0.9775 -0.1770 -0.1147 
-0.2840 0.4600 0.8413 
-0.1022 0.4844 0.8688 
-0.1462 0.5013 0.8529 
-0.7809 0.1256 0.6120 
-0.0380 0.4465 0.8940 
-0.4274 -0.5127 -0.7447 
-0.4603 0.4518 0.7642 
-0.0682 0.4334 0.8986 
-0.0583 0.4158 0.9076 
-0.1697 0.4852 0.8578 
-0.7589 -0.3429 -0.5536 
-0.0482 0.5355 0.8432 
-0.0986 0.5293 0.8427 
-0.6459 0.4179 0.6388 
-0.1855 0.5033 0.8440 
0.0151 0.5018 0.8648 
-0.6367 0.3394 0.6924 
-0.1110 0.5343 0.8380 
-0.1843 0.4639 0.8665 
-0.2390 0.4347 0.8683 
-0.5107 0.3267 0.7953 
-0.3107 -0.4381 -0.8435 
0.0536 0.4579 0.8874 
-0.9224 0.0815 -0.3775 
-0.3269 -0.1967 -0.9243 
-0.0468 0.5277 0.8481 
-0.2054 0.3721 0.9052 
-0.1639 0.3703 0.9143 
-0.6371 0.2697 0.7220 
-0.2899 0.4486 0.8454 
-0.8439 -0.4014 -0.3560 
-0.9825 0.0219 -0.1848 
-0.2576 0.3749 0.8906 
-0.0426 0.4930 0.8690 
-0.1047 0.4344 0.8946 
-0.1271 0.4703 0.8733 
-0.2245 0.4626 0.8577 
-0.1595 0.4279 0.8897 
-0.0705 0.4399 0.8953 
-0.1828 0.4780 0.8591 
-0.7154 -0.3317 -0.6150 
-0.2465 0.3833 0.8901 
-0.1097 0.4729 0.8743 
-0.1664 0.5051 0.8469 
-0.1649 0.4545 0.8754 
-0.3421 0.4433 0.8286 
-0.2109 0.4500 0.8678 
-0.9913 0.0706 -0.1111 
-0.7409 -0.4673 -0.4824 
-0.2425 0.4887 0.8381 
-0.3168 0.3523 0.8806 
-0.0820 0.4964 0.8642 
-0.1797 -0.4228 -0.8882 
-0.6360 -0.3865 -0.6679 
-0.0895 0.4002 0.9121 
-0.1232 0.4142 0.9018 
-0.2214 0.3980 0.8903 
-0.0588 0.5094 0.8585 
-0.8223 0.2111 0.5284 
-0.4358 0.2128 0.8745 
-0.0667 0.3593 0.9308 
-0.2671 -0.4116 -0.8714 
-0.6111 -0.4922 -0.6199 
-0.2632 0.3761 0.8884 
0.0354 0.4890 0.8716 
-0.4306 -0.1603 -0.8882 
-0.2939 0.3454 0.8913 
-0.2169 0.4495 0.8665 
-0.2203 0.4348 0.8732 
-0.2789 0.3523 0.8933 
0.0599 0.3873 0.9200 
-0.2244 0.3292 0.9172 
-0.2333 0.4271 0.8736 
-0.1157 0.4243 0.8981 
-0.1109 0.4040 0.9080 
-0.2613 0.3550 0.8976 
-0.3069 0.3684 0.8775 
-0.9370 0.2085 0.2804 
-0.6751 -0.3740 -0.6359 
-0.4077 0.3848 0.8281 
-0.9889 -0.0229 -0.1468 
-0.3902 0.3998 0.8294 
-0.5648 0.6895 0.4535 
-0.6357 0.3340 0.6960 
-0.2857 0.3637 0.8866 
-0.2915 0.5298 0.7965 
-0.5717 0.1612 0.8045 
-0.7689 0.5367 -0.3474 
-0.1439 0.5140 0.8456 
-0.1724 0.4664 0.8676 
-0.0931 0.4293 0.8984 
-0.2970 -0.3444 -0.8906 
-0.6751 -0.3552 -0.6466 
-0.2549 0.4689 0.8457 
-0.1281 0.3535 0.9266 
0.0365 0.4982 0.8663 
-0.1666 0.3722 0.9131 
-0.3916 -0.3338 -0.8575 
-0.0819 0.4973 0.8637 
-0.1691 0.5682 0.8053 
-0.2787 0.4928 0.8243 
-0.2466 0.4992 0.8307 
-0.4413 0.4106 0.7979 
-0.8048 -0.1143 -0.5825 
0.0540 0.4543 0.8892 
-0.2227 0.4440 0.8679 
-0.1033 0.4270 0.8983 
-0.1751 -0.2450 -0.9536 
-0.9904 0.1342 -0.0318 
-0.1865 0.4815 0.8563 
-0.2350 0.4728 0.8492 
-0.1413 0.4914 0.8594 
-0.9588 0.1563 0.2371 
-0.3110 0.2934 0.9040 
-0.0778 0.4488 0.8902 
-0.0134 0.5447 0.8386 
-0.8364 0.1751 0.5194 
-0.2407 0.4701 0.8491 
-0.0093 0.4695 0.8829 
-0.1219 0.4187 0.8999 
-0.1343 0.5205 0.8432 
-0.1151 0.4250 0.8979 
-0.2134 0.5761 0.7890 
-0.2532 0.3530 0.9007 
-0.1472 0.4460 0.8828 
-0.2355 0.5277 0.8161 
-0.4356 0.4127 0.7999 
-0.0851 0.5850 0.8066 
-0.1176 0.4794 0.8697 
-0.2104 0.3345 0.9186 
-0.4801 0.5000 0.7207 
-0.1229 0.4319 0.8935 
-0.9836 -0.1109 -0.1421 
-0.1272 0.3710 0.9199 
-0.1801 0.6332 0.7527 
-0.5114 0.3871 0.7673 
-0.0942 0.4905 0.8663 
-0.5669 -0.2195 -0.7940 
-0.5215 0.2929 0.8014 
-0.9269 -0.0818 0.3664 
-0.2038 0.4368 0.8761 
-0.0072 0.4597 0.8881 
-0.2362 0.4621 0.8548 
-0.0859 0.4726 0.8771 
-0.3518 0.4891 0.7982 
-0.1636 0.3743 0.9128 
-0.9195 -0.1072 -0.3783 
-0.3901 0.5212 0.7590 
-0.4575 -0.1505 -0.8764 
-0.1954 0.3868 0.9012 
-0.4217 0.3984 0.8145 
-0.3784 -0.4350 -0.8171 
0.1430 0.6884 0.7111 
-0.3602 0.3496 0.8649 
-0.1421 0.3870 0.9110 
-0.1002 0.4431 0.8908 
-0.2278 0.4490 0.8640 
-0.7248 -0.2295 -0.6496 
-0.9874 -0.0358 -0.1542 
-0.4257 -0.5228 -0.7385 
-0.2788 0.3663 0.8877 
-0.1330 0.4117 0.9016 
-0.8681 0.1497 0.4732 
-0.1939 0.4882 0.8509 
-0.2329 0.4174 0.8784 
-0.7156 0.3422 0.6090 
0.0124 0.4153 0.9096 
-0.2188 0.4836 0.8475 
-0.6800 -0.4881 -0.5471 
-0.2381 0.4550 0.8581 
0.0158 0.4533 0.8912 
-0.1875 0.3995 0.8974 
-0.0801 0.4937 0.8659 
-0.1198 0.5033 0.8558 
-0.1806 0.3460 0.9207 
-0.4565 0.4124 0.7883 
-0.0364 0.4347 0.8998 
-0.4408 -0.3711 -0.8173 
-0.3988 0.3678 0.8400 
-0.4267 0.4714 0.7718 
-0.1480 0.3854 0.9108 
-0.2171 0.4553 0.8635 
-0.0071 0.3315 0.9434 
-0.2587 0.4005 0.8790 
-0.1368 0.3710 0.9185 
-0.4140 0.4514 0.7905 
-0.1844 -0.5042 -0.8437 
-0.2686 0.3860 0.8825 
-0.0286 0.4030 0.9148 
0.0651 0.5651 0.8225 
-0.1546 0.3966 0.9049 
-0.5775 0.4490 0.6818 
-0.0505 0.5395 0.8404 
-0.3375 0.5838 0.7384 
0.0075 0.4203 0.9074 
-0.3702 0.4147 0.8313 
-0.3979 0.4180 0.8167 
-0.1608 0.4568 0.8749 
-0.4642 0.2766 0.8414 
-0.3953 0.5628 0.7260 
-0.1219 0.4301 0.8945 
-0.0805 0.6555 0.7509 
-0.5648 0.3624 0.7414 
-0.7986 0.3797 0.4670 
-0.3334 0.3942 0.8564 
-0.0116 0.5469 0.8371 
-0.9836 -0.0530 0.1723 
-0.1381 0.4634 0.8754 
-0.1813 0.4972 0.8485 
-0.1802 0.4349 0.8823 
-0.2702 -0.4531 -0.8495 
-0.0316 0.4709 0.8816 
-0.4465 0.4058 0.7975 
-0.1602 0.4402 0.8835 
-0.1641 0.4214 0.8919 
-0.0728 0.3837 0.9206 
-0.4372 0.2581 0.8615 
-0.0596 0.4996 0.8642 
0.0634 0.4966 0.8656 
-0.3021 0.3833 0.8728 
-0.0483 0.4599 0.8867 
-0.0563 0.4497 0.8914 
-0.0739 0.5091 0.8575 
-0.0775 0.5171 0.8524 
-0.8093 0.2921 0.5097 
-0.1513 0.4996 0.8530 
-0.1709 0.3319 0.9277 
0.1125 0.4374 0.8922 
-0.6268 0.2623 0.7337 
-0.2253 0.4890 0.8427 
-0.0542 0.3719 0.9267 
0.0836 0.4808 0.8728 
-0.4973 0.3685 0.7855 
-0.2800 0.2724 0.9205 
-0.3144 0.4023 0.8598 
-0.2037 0.4659 0.8611 
-0.4155 0.4294 0.8019 
-0.4820 -0.3652 -0.7965 
-0.3609 0.4826 0.7980 
-0.1486 0.4868 0.8608 
-0.8099 0.4197 0.4099 
-0.4483 0.4119 0.7933 
-0.2947 -0.4358 -0.8505 
-0.1788 0.4137 0.8927 
-0.2332 0.3505 0.9071 
-0.7178 0.4019 0.5685 
-0.2742 0.4726 0.8375 
-0.4453 0.3006 0.8434 
-0.3085 0.4451 0.8407 
-0.2789 0.4263 0.8605 
-0.2867 0.4990 0.8178 
-0.2063 0.4542 0.8667 
-0.7583 -0.1613 0.6316 
-0.7770 0.4002 0.4859 
-0.2209 -0.4418 -0.8695 
-0.2656 -0.4321 -0.8618 
-0.0658 0.4325 0.8992 
-0.1264 0.4913 0.8617 
-0.2203 0.4034 0.8881 
-0.2380 0.4994 0.8330 
-0.1654 0.6616 0.7314 
-0.2360 0.4054 0.8832 
-0.2851 0.4657 0.8378 
-0.1655 0.4589 0.8730 
-0.0455 0.4361 0.8988 
-0.1860 0.5071 0.8416 
-0.3284 0.4200 0.8460 
-0.1487 0.3765 0.9144 
-0.1004 0.4445 0.8902 
-0.0907 0.4615 0.8825 
-0.1458 0.4150 0.8980 
-0.2516 0.5170 0.8182 
-0.2141 0.4012 0.8906 
-0.7082 0.3532 0.6113 
-0.1108 0.4693 0.8760 
-0.1028 0.4745 0.8743 
-0.2856 0.3653 0.8860 
-0.2551 0.3441 0.9036 
-0.1166 0.4215 0.8993 
-0.1420 0.3914 0.9092 
-0.2009 0.3603 0.9110 
-0.1491 0.4411 0.8850 
-0.2204 0.5238 0.8228 
-0.2701 0.4403 0.8562 
-0.3347 0.3284 0.8833 
-0.2175 0.4311 0.8757 
-0.4156 0.4121 0.8108 
0.0140 0.4667 0.8843 
-0.2627 0.4007 0.8778 
-0.3283 0.5267 0.7841 
-0.1309 0.4546 0.8810 
-0.0773 0.3869 0.9189 
-0.2185 0.4406 0.8707 
-0.4465 0.4688 0.7621 
0.2128 0.6750 0.7065 
-0.4945 -0.4095 -0.7666 
-0.0518 0.4637 0.8845 
-0.9700 -0.0565 0.2363 
-0.1948 0.4234 0.8847 
-0.4396 0.3828 0.8126 
-0.4083 0.3888 0.8259 
0.0916 0.4974 0.8627 
-0.6838 0.6446 0.3419 
-0.7649 0.2673 0.5860 
-0.1776 0.5337 0.8268 
-0.1970 0.3831 0.9025 
-0.0432 0.4345 0.8996 
-0.3428 0.4653 0.8161 
0.1351 0.3879 0.9117 
-0.0639 0.4086 0.9105 
-0.6933 0.2886 0.6603 
-0.5196 -0.3206 -0.7920 
-0.1081 0.5841 0.8045 
-0.1556 0.3736 0.9145 
-0.1025 0.4641 0.8798 
-0.2412 0.5050 0.8287 
-0.1931 0.3685 0.9093 
-0.1497 0.4687 0.8706 
-0.1810 -0.4168 -0.8908 
-0.0766 0.4378 0.8958 
-0.1469 0.4847 0.8622 
-0.1627 0.4738 0.8655 
-0.8110 0.1352 0.5693 
-0.9007 0.0954 -0.4239 
-0.1086 0.3771 0.9198 
-0.2861 0.3677 0.8848 
-0.0970 0.4474 0.8890 
-0.3443 0.5366 0.7704 
-0.1753 0.4807 0.8592 
-0.1147 0.4502 0.8855 
-0.2842 0.5163 0.8079 
-0.3820 0.5376 0.7517 
-0.7249 0.5734 0.3818 
-0.1883 0.4396 0.8783 
-0.4567 0.5021 0.7344 
-0.7599 0.2819 0.5857 
-0.0673 0.4786 0.8754 
-0.3589 0.5057 0.7845 
-0.1484 0.4961 0.8555 
-0.1830 0.4416 0.8783 
-0.1214 0.3699 0.9211 
-0.2819 0.4514 0.8466 
-0.2225 0.4391 0.8705 
-0.1481 0.5182 0.8424 
-0.7025 -0.3079 -0.6416 
0.0131 0.3968 0.9178 
-0.1955 0.4022 0.8945 
-0.0254 0.4156 0.9092 
-0.0677 0.5012 0.8627 
-0.5846 0.3186 0.7461 
-0.2281 0.3647 0.9027 
-0.0818 0.4623 0.8830 
-0.0500 0.4285 0.9022 
-0.7255 0.3546 0.5899 
0.0643 0.4521 0.8896 
-0.3141 0.5213 0.7935 
-0.7328 0.4921 0.4699 
0.0379 0.4210 0.9063 
-0.2861 0.3626 0.8869 
-0.3147 0.4557 0.8327 
-0.1849 0.2628 0.9470 
0.1027 0.4838 0.8691 
-0.0815 0.4537 0.8874 
-0.4586 0.4947 0.7382 
-0.2196 0.5054 0.8345 
-0.2752 0.4037 0.8725 
-0.1714 0.4542 0.8743 
-0.1500 0.4566 0.8770 
-0.2307 0.4778 0.8476 
-0.6685 0.4012 0.6262 
-0.2200 0.4647 0.8577 
-0.1796 0.4587 0.8703 
-0.5893 0.4024 0.7006 
-0.0826 0.5237 0.8479 
-0.1067 0.5539 0.8257 
-0.6621 0.0322 -0.7487 
-0.8168 0.2490 0.5205 
-0.1876 0.5027 0.8438 
0.0355 0.5432 0.8389 
-0.2781 -0.1447 -0.9496 
-0.0808 0.4806 0.8732 
-0.9934 0.0112 -0.1146 
-0.7683 -0.4668 -0.4379 
-0.6649 0.2874 0.6894 
-0.3254 0.5608 0.7614 
-0.2824 0.4803 0.8304 
-0.3627 0.3120 0.8781 
-0.7654 0.1971 0.6126 
-0.2309 0.4121 0.8814 
-0.3283 0.3747 0.8671 
-0.2453 0.4082 0.8793 
-0.1122 0.4211 0.9000 
-0.3654 0.3854 0.8473 
-0.3932 -0.3624 -0.8450 
-0.3354 0.4979 0.7997 
-0.4195 0.3903 0.8196 
-0.3840 0.4798 0.7888 
-0.0374 0.5220 0.8521 
-0.2872 0.3731 0.8822 
-0.4230 0.3912 0.8173 
-0.3582 0.4768 0.8027 
-0.6633 0.2213 0.7149 
-0.4112 0.4127 0.8128 
-0.4066 -0.4324 -0.8048 
-0.7868 -0.2405 -0.5684 
-0.3597 0.4045 0.8408 
-0.0684 0.4994 0.8636 
0.1025 0.5160 0.8504 
-0.0870 0.4768 0.8747 
-0.2623 0.2966 0.9183 
-0.7202 0.0109 0.6937 
-0.4701 0.3288 0.8191 
-0.1300 0.5272 0.8397 
-0.2865 0.4479 0.8469 
-0.2765 0.4701 0.8382 
-0.0183 0.5590 0.8290 
-0.5733 0.3258 0.7518 
-0.1438 0.4683 0.8718 
-0.2614 0.5821 0.7700 
-0.2162 0.4789 0.8508 
-0.2435 0.4595 0.8542 
0.0309 0.4657 0.8844 
-0.1600 0.4965 0.8531 
-0.0920 0.4396 0.8935 
-0.2142 0.4253 0.8793 
-0.8127 0.2677 0.5175 
-0.1781 0.4799 0.8591 
-0.1485 -0.2625 -0.9534 
-0.7378 0.2822 0.6132 
-0.2050 0.3181 0.9256 
-0.4910 0.3808 0.7836 
-0.0937 0.3826 0.9191 
-0.2724 0.6352 0.7227 
-0.2391 -0.4756 -0.8465 
-0.3535 0.5141 0.7815 
-0.1657 0.4617 0.8714 
-0.4185 0.3140 0.8522 
-0.0981 0.4904 0.8660 
0.0150 0.4271 0.9041 
-0.0368 0.5673 0.8227 
-0.0566 0.4716 0.8800 
-0.9500 -0.3002 0.0854 
-0.2025 0.5287 0.8243 
-0.4722 0.3960 0.7876 
-0.1064 0.5078 0.8549 
-0.5674 0.5834 0.5811 
-0.0718 0.5176 0.8526 
-0.2098 0.4160 0.8848 
-0.9353 0.2794 0.2170 
-0.1472 0.4244 0.8934 
-0.5895 -0.2544 -0.7667 
-0.1690 0.4235 0.8900 
0.0145 0.4036 0.9148 
-0.5623 0.3951 0.7265 
-0.1889 0.4841 0.8544 
0.0491 0.4958 0.8671 
-0.2812 0.2875 0.9156 
-0.3197 0.5352 0.7819 
-0.3233 0.3130 0.8930 
-0.4370 0.3569 0.8256 
-0.7061 0.5524 0.4430 
-0.3368 -0.4670 -0.8176 
-0.1207 0.4204 0.8993 
-0.4541 0.3837 0.8041 
-0.1606 0.4570 0.8748 
-0.2733 0.3920 0.8785 
-0.1102 0.3615 0.9258 
-0.2032 0.4465 0.8714 
-0.2317 0.4548 0.8599 
-0.5110 0.5176 0.6863 
-0.0847 0.3559 0.9307 
-0.3451 0.2848 0.8943 
-0.2898 0.4350 0.8525 
-0.2991 0.3554 0.8856 
-0.5965 -0.2278 -0.7696 
-0.1607 0.5383 0.8273 
-0.2554 -0.3517 -0.9006 
0.1011 0.5000 0.8601 
-0.2635 0.4481 0.8542 
-0.2634 0.4098 0.8733 
-0.2314 0.3884 0.8920 
-0.4507 0.4238 0.7857 
-0.8253 -0.4480 -0.3439 
-0.0257 0.4321 0.9014 
-0.0743 0.4520 0.8889 
-0.1495 0.6597 0.7365 
-0.3514 0.4257 0.8339 
-0.0967 0.5386 0.8370 
-0.0466 0.4245 0.9042 
-0.1531 0.4222 0.8935 
0.0158 0.3781 0.9256 
-0.1458 0.3752 0.9154 
-0.5673 0.5590 0.6047 
-0.1573 0.4686 0.8693 
-0.6237 0.2928 0.7248 
-0.0497 0.4575 0.8878 
-0.2345 0.4445 0.8645 
-0.2314 0.3821 0.8947 
-0.5430 -0.1491 -0.8264 
-0.1518 0.4137 0.8977 
-0.1281 0.4723 0.8721 
-0.2484 -0.3274 -0.9116 
-0.0939 0.4822 0.8710 
-0.1531 0.5494 0.8214 
-0.5788 -0.4609 -0.6728 
-0.1963 0.4881 0.8504 
-0.5401 0.4855 0.6875 
0.0145 0.4713 0.8819 
-0.3091 0.3564 0.8817 
-0.9140 -0.3877 -0.1194 
-0.3546 0.4403 0.8249 
-0.3906 0.5354 0.7488 
-0.4389 0.3668 0.8203 
-0.1551 0.4677 0.8701 
-0.5648 0.3819 0.7315 
-0.0637 0.5308 0.8451 
-0.0445 0.4544 0.8897 
-0.1781 0.5104 0.8413 
-0.1261 0.4037 0.9061 
0.0063 0.4901 0.8717 
-0.6388 0.2419 -0.7304 
-0.9810 -0.1077 0.1616 
0.1425 0.4473 0.8830 
-0.5856 -0.5365 -0.6076 
-0.0360 0.4311 0.9016 
-0.3377 -0.3660 -0.8672 
-0.2828 -0.4310 -0.8569 
-0.0726 0.4520 0.8890 
-0.6890 0.3664 0.6253 
-0.0252 0.4063 0.9134 
0.0076 0.4169 0.9089 
-0.1263 0.4882 0.8635 
-0.3595 0.4357 0.8252 
-0.5774 -0.4347 -0.6911 
