1 0.2262 0.3224 [ -0.2034 0.8404 0.5023 ] 0.8392 
2 -0.4561 -0.2074 [ -0.2782 0.6190 0.7345 ] 0.9020 
3 -0.0662 0.1225 [ -0.3607 0.0514 0.9313 ] 0.9412 
4 0.0362 -0.5398 [ 0.1984 -0.2215 0.9548 ] 0.7647 
5 0.1812 0.1075 [ -0.3426 0.0351 0.9388 ] 0.9647 
6 -0.8260 -0.5123 [ -0.3721 -0.0825 0.9245 ] 0.7373 
7 0.6785 -0.1824 [ 0.5184 0.0244 0.8548 ] 0.6667 
8 -0.0312 0.3124 [ -0.3012 0.8433 0.4452 ] 0.8471 
9 -0.5611 -0.0875 [ -0.3404 0.7643 0.5477 ] 0.8392 
10 0.1587 -0.2424 [ 0.5080 0.1091 0.8544 ] 0.9098 
